Webots Project File version R2023b
perspectives: 000000ff00000000fd0000000300000000000001ca0000039ffc0200000001fb00000012005300630065006e0065005400720065006501000000000000039f0000000000000000000000010000023a000001e2fc0200000001fb0000001400540065007800740045006400690074006f00720000000016000001e20000004100ffffff000000030000055a000000dafc0100000002fb0000000e0043006f006e0073006f006c006501000001d0000005b00000000000000000fb0000001a0043006f006e0073006f006c00650041006c006c0041006c006c01000000000000055a0000006900ffffff0000055a000001e600000004000000040000000100000008fc00000000
simulationViewPerspectives: 000000ff0000000100000002000000fc000004580100000002010000000101
sceneTreePerspectives: 000000ff00000001000000030000001e000001a9000000fa0100000002010000000201
maximizedDockId: -1
centralWidgetVisible: 1
orthographicViewHeight: 1
textFiles: -1
consoles: Console:All:All
renderingDevicePerspectives: MyBot:camera;1;1;0;0
renderingDevicePerspectives: MyBot:segmented image display;1;1;0.000999995;0.317535
