Webots Project File version R2023b
perspectives: 000000ff00000000fd0000000300000000000001ca0000039ffc0200000001fb00000012005300630065006e0065005400720065006501000000000000039f0000000000000000000000010000023a000001dafc0200000001fb0000001400540065007800740045006400690074006f00720000000016000001da0000004100ffffff0000000300000556000000c6fc0100000002fb0000000e0043006f006e0073006f006c006501000001d0000005b00000000000000000fb0000001a0043006f006e0073006f006c00650041006c006c0041006c006c0100000000000005560000006900ffffff00000556000001ee00000004000000040000000100000008fc00000000
simulationViewPerspectives: 000000ff000000010000000200000118000002e10100000002010000000101
sceneTreePerspectives: 000000ff00000001000000030000001e000000c0000000fa0100000002010000000201
maximizedDockId: -1
centralWidgetVisible: 1
orthographicViewHeight: 1
textFiles: -1
consoles: Console:All:All
renderingDevicePerspectives: playground_robot:cabin_camera;1;1.21875;0.00738007;0.0230415
renderingDevicePerspectives: playground_robot:display_1;1;1;0;0
